1989	6.3964004E10
1990	5.8427417E10
1991	5.8704863E10
1992	6.6991632E10
1993	7.1766032E10
1994	8.0877961E10
1995	8.6294258E10
1996	8.8506352E10
1997	9.8232009E10
1998	9.476753E10
1999	8.8811586E10
2000	1.01342396E11
2001	1.0773477E11
2002	1.12023511E11
2003	1.35919387E11
2004	1.80220674E11
2005	2.19380548E11
2006	2.55510397E11
2007	3.00712526E11
2008	3.72777386E11
2009	2.89498923E11
2010	3.83596364E11
2011	4.88282194E11
2012	4.62034502E11
2013	4.62256669E11
2014	4.29121143E11
2015	3.6414115E11
2016	3.52891372E11
